case pos-plain
client 640 400 40
frame 1280 720 0 1
view 0 0 640 360 0 0 1 1
script 1920 1080
timecodes 0 40 80 120 160 200 240 280 320 360 400 440 480 520 560 600 640 680 720 760 800 840 880 920 960 1000 1040 1080 1120 1160 1200 1240 1280 1320 1360 1400 1440 1480 1520 1560 1600 1640 1680 1720 1760 1800 1840 1880 1920 1960 2000 2040 2080 2120 2160 2200 2240 2280 2320 2360 2400 2440 2480 2520 2560 2600 2640 2680 2720 2760 2800 2840 2880 2920 2960 3000 3040 3080 3120 3160 3200 3240 3280 3320 3360 3400 3440 3480 3520 3560 3600 3640 3680 3720 3760 3800 3840 3880 3920 3960 4000 4040 4080 4120 4160 4200 4240 4280 4320 4360 4400 4440 4480 4520 4560 4600 4640 4680 4720 4760 4800 4840 4880 4920 4960 5000 5040 5080 5120 5160 5200 5240 5280 5320 5360 5400 5440 5480 5520 5560 5600 5640 5680 5720 5760 5800 5840 5880 5920 5960 6000 6040 6080 6120 6160 6200 6240 6280 6320 6360 6400 6440 6480 6520 6560 6600 6640 6680 6720 6760 6800 6840 6880 6920 6960 7000 7040 7080 7120 7160 7200 7240 7280 7320 7360 7400 7440 7480 7520 7560 7600 7640 7680 7720 7760 7800 7840 7880 7920 7960 8000 8040 8080 8120 8160 8200 8240 8280 8320 8360 8400 8440 8480 8520 8560 8600 8640 8680 8720 8760 8800 8840 8880 8920 8960 9000 9040 9080 9120 9160 9200 9240 9280 9320 9360 9400 9440 9480 9520 9560 9600 9640 9680 9720 9760 9800 9840 9880 9920 9960 10000
time 1500
style Default,Arial,40,&H00FFFFFF,&H000000FF,&H00000000,&H00000000,0,0,0,0,100,100,0,0,1,2,2,2,20,20,20,1
line 1000 3000 Default 0 0 0 0 Hello
active 0
tool position 193
dump
mouse ldown 320 353 left
mouse move 330 358 left
dump
mouse lup 330 358
dump
end

case pos-forms
client 640 400 40
frame 1280 720 0 1
view 0 0 640 360 0 0 1 1
script 1920 1080
timecodes 0 40 80 120 160 200 240 280 320 360 400 440 480 520 560 600 640 680 720 760 800 840 880 920 960 1000 1040 1080 1120 1160 1200 1240 1280 1320 1360 1400 1440 1480 1520 1560 1600 1640 1680 1720 1760 1800 1840 1880 1920 1960 2000 2040 2080 2120 2160 2200 2240 2280 2320 2360 2400 2440 2480 2520 2560 2600 2640 2680 2720 2760 2800 2840 2880 2920 2960 3000 3040 3080 3120 3160 3200 3240 3280 3320 3360 3400 3440 3480 3520 3560 3600 3640 3680 3720 3760 3800 3840 3880 3920 3960 4000 4040 4080 4120 4160 4200 4240 4280 4320 4360 4400 4440 4480 4520 4560 4600 4640 4680 4720 4760 4800 4840 4880 4920 4960 5000 5040 5080 5120 5160 5200 5240 5280 5320 5360 5400 5440 5480 5520 5560 5600 5640 5680 5720 5760 5800 5840 5880 5920 5960 6000 6040 6080 6120 6160 6200 6240 6280 6320 6360 6400 6440 6480 6520 6560 6600 6640 6680 6720 6760 6800 6840 6880 6920 6960 7000 7040 7080 7120 7160 7200 7240 7280 7320 7360 7400 7440 7480 7520 7560 7600 7640 7680 7720 7760 7800 7840 7880 7920 7960 8000 8040 8080 8120 8160 8200 8240 8280 8320 8360 8400 8440 8480 8520 8560 8600 8640 8680 8720 8760 8800 8840 8880 8920 8960 9000 9040 9080 9120 9160 9200 9240 9280 9320 9360 9400 9440 9480 9520 9560 9600 9640 9680 9720 9760 9800 9840 9880 9920 9960 10000
time 1500
style Default,Arial,40,&H00FFFFFF,&H000000FF,&H00000000,&H00000000,0,0,0,0,100,100,0,0,1,2,2,2,20,20,20,1
style Top,Arial,30,&H00FFFFFF,&H000000FF,&H00000000,&H00000000,-1,0,0,0,120,80,2,0,1,3,1,8,30,10,15,1
line 1000 3000 Default 0 0 0 0 Hello
line 1000 3000 Default 0 0 0 0 {\pos(100,200)}Hello
line 1000 3000 Top 0 0 0 0 {\an7\bord2}Hello
line 1000 3000 Default 0 0 0 0 {\move(100,200,300,400)}Hello
line 1000 3000 Default 0 0 0 0 {\move(100,200,300,400,500,1500)}Hello
line 1000 3000 Default 0 0 0 0 {\pos(1,2)\pos(3,4)}x
line 1000 3000 Default 0 0 0 0 {\pos(abc,2)}x
line 1000 3000 Default 0 0 0 0 {\fs20}a{\pos(5,6)}b
line 1000 3000 Default 0 0 0 1 {\pos(9,9)}c
line 1000 3000 Default 0 0 0 0 {\pos(10.5,20.25)}{\pos(1,1)}two blocks
line 1000 3000 Top 12 34 56 0 {\an3}margins
line 1000 3000 Default 0 0 0 0 {\pos( 7 , 8 )}spaced
select 0 1 2 3 4 5 6 7 8 9 10 11
active 1
tool position 193
dump
mouse ldown 33 66 left
mouse move 39 69 left
mouse lup 39 69
dump
end

case pos-shift-axis
client 640 400 40
frame 1280 720 0 1
view 0 0 640 360 0 0 1 1
script 1920 1080
timecodes 0 40 80 120 160 200 240 280 320 360 400 440 480 520 560 600 640 680 720 760 800 840 880 920 960 1000 1040 1080 1120 1160 1200 1240 1280 1320 1360 1400 1440 1480 1520 1560 1600 1640 1680 1720 1760 1800 1840 1880 1920 1960 2000 2040 2080 2120 2160 2200 2240 2280 2320 2360 2400 2440 2480 2520 2560 2600 2640 2680 2720 2760 2800 2840 2880 2920 2960 3000 3040 3080 3120 3160 3200 3240 3280 3320 3360 3400 3440 3480 3520 3560 3600 3640 3680 3720 3760 3800 3840 3880 3920 3960 4000 4040 4080 4120 4160 4200 4240 4280 4320 4360 4400 4440 4480 4520 4560 4600 4640 4680 4720 4760 4800 4840 4880 4920 4960 5000 5040 5080 5120 5160 5200 5240 5280 5320 5360 5400 5440 5480 5520 5560 5600 5640 5680 5720 5760 5800 5840 5880 5920 5960 6000 6040 6080 6120 6160 6200 6240 6280 6320 6360 6400 6440 6480 6520 6560 6600 6640 6680 6720 6760 6800 6840 6880 6920 6960 7000 7040 7080 7120 7160 7200 7240 7280 7320 7360 7400 7440 7480 7520 7560 7600 7640 7680 7720 7760 7800 7840 7880 7920 7960 8000 8040 8080 8120 8160 8200 8240 8280 8320 8360 8400 8440 8480 8520 8560 8600 8640 8680 8720 8760 8800 8840 8880 8920 8960 9000 9040 9080 9120 9160 9200 9240 9280 9320 9360 9400 9440 9480 9520 9560 9600 9640 9680 9720 9760 9800 9840 9880 9920 9960 10000
time 1500
style Default,Arial,40,&H00FFFFFF,&H000000FF,&H00000000,&H00000000,0,0,0,0,100,100,0,0,1,2,2,2,20,20,20,1
line 1000 3000 Default 0 0 0 0 {\pos(300,300)}x
active 0
tool position 193
mouse ldown 100 100 left
mouse move 120 103 left shift
dump
mouse move 121 140 left shift
mouse lup 121 140 shift
dump
end

case pos-right-click
client 640 400 40
frame 1280 720 0 1
view 0 0 640 360 0 0 1 1
script 1920 1080
timecodes 0 40 80 120 160 200 240 280 320 360 400 440 480 520 560 600 640 680 720 760 800 840 880 920 960 1000 1040 1080 1120 1160 1200 1240 1280 1320 1360 1400 1440 1480 1520 1560 1600 1640 1680 1720 1760 1800 1840 1880 1920 1960 2000 2040 2080 2120 2160 2200 2240 2280 2320 2360 2400 2440 2480 2520 2560 2600 2640 2680 2720 2760 2800 2840 2880 2920 2960 3000 3040 3080 3120 3160 3200 3240 3280 3320 3360 3400 3440 3480 3520 3560 3600 3640 3680 3720 3760 3800 3840 3880 3920 3960 4000 4040 4080 4120 4160 4200 4240 4280 4320 4360 4400 4440 4480 4520 4560 4600 4640 4680 4720 4760 4800 4840 4880 4920 4960 5000 5040 5080 5120 5160 5200 5240 5280 5320 5360 5400 5440 5480 5520 5560 5600 5640 5680 5720 5760 5800 5840 5880 5920 5960 6000 6040 6080 6120 6160 6200 6240 6280 6320 6360 6400 6440 6480 6520 6560 6600 6640 6680 6720 6760 6800 6840 6880 6920 6960 7000 7040 7080 7120 7160 7200 7240 7280 7320 7360 7400 7440 7480 7520 7560 7600 7640 7680 7720 7760 7800 7840 7880 7920 7960 8000 8040 8080 8120 8160 8200 8240 8280 8320 8360 8400 8440 8480 8520 8560 8600 8640 8680 8720 8760 8800 8840 8880 8920 8960 9000 9040 9080 9120 9160 9200 9240 9280 9320 9360 9400 9440 9480 9520 9560 9600 9640 9680 9720 9760 9800 9840 9880 9920 9960 10000
time 1500
style Default,Arial,40,&H00FFFFFF,&H000000FF,&H00000000,&H00000000,0,0,0,0,100,100,0,0,1,2,2,2,20,20,20,1
line 1000 3000 Default 0 0 0 0 {\pos(300,300)}x
line 1000 3000 Default 0 0 0 0 {\move(30,60,90,120)}y
line 1000 3000 Default 0 0 0 0 z
select 0 1 2
active 0
tool position 193
mouse rdown 100 101 right
dump
mouse rup 100 101
dump
end

case pos-double-click
client 640 400 40
frame 1280 720 0 1
view 0 0 640 360 0 0 1 1
script 1920 1080
timecodes 0 40 80 120 160 200 240 280 320 360 400 440 480 520 560 600 640 680 720 760 800 840 880 920 960 1000 1040 1080 1120 1160 1200 1240 1280 1320 1360 1400 1440 1480 1520 1560 1600 1640 1680 1720 1760 1800 1840 1880 1920 1960 2000 2040 2080 2120 2160 2200 2240 2280 2320 2360 2400 2440 2480 2520 2560 2600 2640 2680 2720 2760 2800 2840 2880 2920 2960 3000 3040 3080 3120 3160 3200 3240 3280 3320 3360 3400 3440 3480 3520 3560 3600 3640 3680 3720 3760 3800 3840 3880 3920 3960 4000 4040 4080 4120 4160 4200 4240 4280 4320 4360 4400 4440 4480 4520 4560 4600 4640 4680 4720 4760 4800 4840 4880 4920 4960 5000 5040 5080 5120 5160 5200 5240 5280 5320 5360 5400 5440 5480 5520 5560 5600 5640 5680 5720 5760 5800 5840 5880 5920 5960 6000 6040 6080 6120 6160 6200 6240 6280 6320 6360 6400 6440 6480 6520 6560 6600 6640 6680 6720 6760 6800 6840 6880 6920 6960 7000 7040 7080 7120 7160 7200 7240 7280 7320 7360 7400 7440 7480 7520 7560 7600 7640 7680 7720 7760 7800 7840 7880 7920 7960 8000 8040 8080 8120 8160 8200 8240 8280 8320 8360 8400 8440 8480 8520 8560 8600 8640 8680 8720 8760 8800 8840 8880 8920 8960 9000 9040 9080 9120 9160 9200 9240 9280 9320 9360 9400 9440 9480 9520 9560 9600 9640 9680 9720 9760 9800 9840 9880 9920 9960 10000
time 1500
style Default,Arial,40,&H00FFFFFF,&H000000FF,&H00000000,&H00000000,0,0,0,0,100,100,0,0,1,2,2,2,20,20,20,1
line 1000 3000 Default 0 0 0 0 {\move(30,60,90,120,0,2000)}y
active 0
tool position 193
mouse ldown 50 60 left
mouse lup 50 60
dump
mouse ldclick 200 100 left
dump
mouse move 210 104 left
mouse lup 210 104
dump
end

case pos-keys
client 640 400 40
frame 1280 720 0 1
view 0 0 640 360 0 0 1 1
script 1920 1080
timecodes 0 40 80 120 160 200 240 280 320 360 400 440 480 520 560 600 640 680 720 760 800 840 880 920 960 1000 1040 1080 1120 1160 1200 1240 1280 1320 1360 1400 1440 1480 1520 1560 1600 1640 1680 1720 1760 1800 1840 1880 1920 1960 2000 2040 2080 2120 2160 2200 2240 2280 2320 2360 2400 2440 2480 2520 2560 2600 2640 2680 2720 2760 2800 2840 2880 2920 2960 3000 3040 3080 3120 3160 3200 3240 3280 3320 3360 3400 3440 3480 3520 3560 3600 3640 3680 3720 3760 3800 3840 3880 3920 3960 4000 4040 4080 4120 4160 4200 4240 4280 4320 4360 4400 4440 4480 4520 4560 4600 4640 4680 4720 4760 4800 4840 4880 4920 4960 5000 5040 5080 5120 5160 5200 5240 5280 5320 5360 5400 5440 5480 5520 5560 5600 5640 5680 5720 5760 5800 5840 5880 5920 5960 6000 6040 6080 6120 6160 6200 6240 6280 6320 6360 6400 6440 6480 6520 6560 6600 6640 6680 6720 6760 6800 6840 6880 6920 6960 7000 7040 7080 7120 7160 7200 7240 7280 7320 7360 7400 7440 7480 7520 7560 7600 7640 7680 7720 7760 7800 7840 7880 7920 7960 8000 8040 8080 8120 8160 8200 8240 8280 8320 8360 8400 8440 8480 8520 8560 8600 8640 8680 8720 8760 8800 8840 8880 8920 8960 9000 9040 9080 9120 9160 9200 9240 9280 9320 9360 9400 9440 9480 9520 9560 9600 9640 9680 9720 9760 9800 9840 9880 9920 9960 10000
time 1500
style Default,Arial,40,&H00FFFFFF,&H000000FF,&H00000000,&H00000000,0,0,0,0,100,100,0,0,1,2,2,2,20,20,20,1
line 1000 3000 Default 0 0 0 0 {\pos(300,300)}x
line 1000 3000 Default 0 0 0 0 {\move(30,60,90,120)}y
select 0 1
active 0
tool position 193
key A
dump
key D shift
key W ctrl
dump
key S alt
key Q
key S ctrl alt
dump
end

case pos-helper
client 640 400 40
frame 1280 720 0 1
view 0 0 640 360 0 0 1 1
script 1920 1080
timecodes 0 40 80 120 160 200 240 280 320 360 400 440 480 520 560 600 640 680 720 760 800 840 880 920 960 1000 1040 1080 1120 1160 1200 1240 1280 1320 1360 1400 1440 1480 1520 1560 1600 1640 1680 1720 1760 1800 1840 1880 1920 1960 2000 2040 2080 2120 2160 2200 2240 2280 2320 2360 2400 2440 2480 2520 2560 2600 2640 2680 2720 2760 2800 2840 2880 2920 2960 3000 3040 3080 3120 3160 3200 3240 3280 3320 3360 3400 3440 3480 3520 3560 3600 3640 3680 3720 3760 3800 3840 3880 3920 3960 4000 4040 4080 4120 4160 4200 4240 4280 4320 4360 4400 4440 4480 4520 4560 4600 4640 4680 4720 4760 4800 4840 4880 4920 4960 5000 5040 5080 5120 5160 5200 5240 5280 5320 5360 5400 5440 5480 5520 5560 5600 5640 5680 5720 5760 5800 5840 5880 5920 5960 6000 6040 6080 6120 6160 6200 6240 6280 6320 6360 6400 6440 6480 6520 6560 6600 6640 6680 6720 6760 6800 6840 6880 6920 6960 7000 7040 7080 7120 7160 7200 7240 7280 7320 7360 7400 7440 7480 7520 7560 7600 7640 7680 7720 7760 7800 7840 7880 7920 7960 8000 8040 8080 8120 8160 8200 8240 8280 8320 8360 8400 8440 8480 8520 8560 8600 8640 8680 8720 8760 8800 8840 8880 8920 8960 9000 9040 9080 9120 9160 9200 9240 9280 9320 9360 9400 9440 9480 9520 9560 9600 9640 9680 9720 9760 9800 9840 9880 9920 9960 10000
time 1500
style Default,Arial,40,&H00FFFFFF,&H000000FF,&H00000000,&H00000000,0,0,0,0,100,100,0,0,1,2,2,2,20,20,20,1
line 1000 3000 Default 0 0 0 0 {\pos(300,300)}x
active 0
tool position 193
mouse mdown 100 100 middle
mouse mup 100 100
dump
mouse ldown 101 102 left
mouse move 150 120 left
mouse lup 150 120
dump
mouse mdown 151 121 middle
mouse mup 151 121
dump
end

case pos-helper-blocked
client 640 400 40
frame 1280 720 0 1
view 0 0 640 360 0 0 1 1
script 1920 1080
timecodes 0 40 80 120 160 200 240 280 320 360 400 440 480 520 560 600 640 680 720 760 800 840 880 920 960 1000 1040 1080 1120 1160 1200 1240 1280 1320 1360 1400 1440 1480 1520 1560 1600 1640 1680 1720 1760 1800 1840 1880 1920 1960 2000 2040 2080 2120 2160 2200 2240 2280 2320 2360 2400 2440 2480 2520 2560 2600 2640 2680 2720 2760 2800 2840 2880 2920 2960 3000 3040 3080 3120 3160 3200 3240 3280 3320 3360 3400 3440 3480 3520 3560 3600 3640 3680 3720 3760 3800 3840 3880 3920 3960 4000 4040 4080 4120 4160 4200 4240 4280 4320 4360 4400 4440 4480 4520 4560 4600 4640 4680 4720 4760 4800 4840 4880 4920 4960 5000 5040 5080 5120 5160 5200 5240 5280 5320 5360 5400 5440 5480 5520 5560 5600 5640 5680 5720 5760 5800 5840 5880 5920 5960 6000 6040 6080 6120 6160 6200 6240 6280 6320 6360 6400 6440 6480 6520 6560 6600 6640 6680 6720 6760 6800 6840 6880 6920 6960 7000 7040 7080 7120 7160 7200 7240 7280 7320 7360 7400 7440 7480 7520 7560 7600 7640 7680 7720 7760 7800 7840 7880 7920 7960 8000 8040 8080 8120 8160 8200 8240 8280 8320 8360 8400 8440 8480 8520 8560 8600 8640 8680 8720 8760 8800 8840 8880 8920 8960 9000 9040 9080 9120 9160 9200 9240 9280 9320 9360 9400 9440 9480 9520 9560 9600 9640 9680 9720 9760 9800 9840 9880 9920 9960 10000
time 1500
style Default,Arial,40,&H00FFFFFF,&H000000FF,&H00000000,&H00000000,0,0,0,0,100,100,0,0,1,2,2,2,20,20,20,1
line 1000 3000 Default 0 0 0 0 {\pos(300,300)}x
active 0
tool position 193
mouse mdown 100 100 middle
mouse mup 100 100
mouse ldown 101 102 left
mouse move 120 110 left
time 3500
mouse move 130 115 left
dump
time 1500
mouse move 160 130
dump
mouse ldown 200 200 left
mouse move 210 205 left
mouse lup 210 205
dump
end

case pos-invisible
client 640 400 40
frame 1280 720 0 1
view 0 0 640 360 0 0 1 1
script 1920 1080
timecodes 0 40 80 120 160 200 240 280 320 360 400 440 480 520 560 600 640 680 720 760 800 840 880 920 960 1000 1040 1080 1120 1160 1200 1240 1280 1320 1360 1400 1440 1480 1520 1560 1600 1640 1680 1720 1760 1800 1840 1880 1920 1960 2000 2040 2080 2120 2160 2200 2240 2280 2320 2360 2400 2440 2480 2520 2560 2600 2640 2680 2720 2760 2800 2840 2880 2920 2960 3000 3040 3080 3120 3160 3200 3240 3280 3320 3360 3400 3440 3480 3520 3560 3600 3640 3680 3720 3760 3800 3840 3880 3920 3960 4000 4040 4080 4120 4160 4200 4240 4280 4320 4360 4400 4440 4480 4520 4560 4600 4640 4680 4720 4760 4800 4840 4880 4920 4960 5000 5040 5080 5120 5160 5200 5240 5280 5320 5360 5400 5440 5480 5520 5560 5600 5640 5680 5720 5760 5800 5840 5880 5920 5960 6000 6040 6080 6120 6160 6200 6240 6280 6320 6360 6400 6440 6480 6520 6560 6600 6640 6680 6720 6760 6800 6840 6880 6920 6960 7000 7040 7080 7120 7160 7200 7240 7280 7320 7360 7400 7440 7480 7520 7560 7600 7640 7680 7720 7760 7800 7840 7880 7920 7960 8000 8040 8080 8120 8160 8200 8240 8280 8320 8360 8400 8440 8480 8520 8560 8600 8640 8680 8720 8760 8800 8840 8880 8920 8960 9000 9040 9080 9120 9160 9200 9240 9280 9320 9360 9400 9440 9480 9520 9560 9600 9640 9680 9720 9760 9800 9840 9880 9920 9960 10000
time 1500
style Default,Arial,40,&H00FFFFFF,&H000000FF,&H00000000,&H00000000,0,0,0,0,100,100,0,0,1,2,2,2,20,20,20,1
line 3000 4000 Default 0 0 0 0 {\pos(300,300)}x
active 0
tool position 193
mouse ldown 100 100 left
mouse move 120 110 left
mouse lup 120 110
key A
dump
end

case pos-comment
client 640 400 40
frame 1280 720 0 1
view 0 0 640 360 0 0 1 1
script 1920 1080
timecodes 0 40 80 120 160 200 240 280 320 360 400 440 480 520 560 600 640 680 720 760 800 840 880 920 960 1000 1040 1080 1120 1160 1200 1240 1280 1320 1360 1400 1440 1480 1520 1560 1600 1640 1680 1720 1760 1800 1840 1880 1920 1960 2000 2040 2080 2120 2160 2200 2240 2280 2320 2360 2400 2440 2480 2520 2560 2600 2640 2680 2720 2760 2800 2840 2880 2920 2960 3000 3040 3080 3120 3160 3200 3240 3280 3320 3360 3400 3440 3480 3520 3560 3600 3640 3680 3720 3760 3800 3840 3880 3920 3960 4000 4040 4080 4120 4160 4200 4240 4280 4320 4360 4400 4440 4480 4520 4560 4600 4640 4680 4720 4760 4800 4840 4880 4920 4960 5000 5040 5080 5120 5160 5200 5240 5280 5320 5360 5400 5440 5480 5520 5560 5600 5640 5680 5720 5760 5800 5840 5880 5920 5960 6000 6040 6080 6120 6160 6200 6240 6280 6320 6360 6400 6440 6480 6520 6560 6600 6640 6680 6720 6760 6800 6840 6880 6920 6960 7000 7040 7080 7120 7160 7200 7240 7280 7320 7360 7400 7440 7480 7520 7560 7600 7640 7680 7720 7760 7800 7840 7880 7920 7960 8000 8040 8080 8120 8160 8200 8240 8280 8320 8360 8400 8440 8480 8520 8560 8600 8640 8680 8720 8760 8800 8840 8880 8920 8960 9000 9040 9080 9120 9160 9200 9240 9280 9320 9360 9400 9440 9480 9520 9560 9600 9640 9680 9720 9760 9800 9840 9880 9920 9960 10000
time 1500
style Default,Arial,40,&H00FFFFFF,&H000000FF,&H00000000,&H00000000,0,0,0,0,100,100,0,0,1,2,2,2,20,20,20,1
line 1000 3000 Default 0 0 0 1 {\pos(300,300)}x
active 0
tool position 193
mouse ldown 100 100 left
mouse lup 100 100
dump
end

case pos-tlmode
client 640 400 40
frame 1280 720 0 1
view 0 0 640 360 0 0 1 1
script 1920 1080
timecodes 0 40 80 120 160 200 240 280 320 360 400 440 480 520 560 600 640 680 720 760 800 840 880 920 960 1000 1040 1080 1120 1160 1200 1240 1280 1320 1360 1400 1440 1480 1520 1560 1600 1640 1680 1720 1760 1800 1840 1880 1920 1960 2000 2040 2080 2120 2160 2200 2240 2280 2320 2360 2400 2440 2480 2520 2560 2600 2640 2680 2720 2760 2800 2840 2880 2920 2960 3000 3040 3080 3120 3160 3200 3240 3280 3320 3360 3400 3440 3480 3520 3560 3600 3640 3680 3720 3760 3800 3840 3880 3920 3960 4000 4040 4080 4120 4160 4200 4240 4280 4320 4360 4400 4440 4480 4520 4560 4600 4640 4680 4720 4760 4800 4840 4880 4920 4960 5000 5040 5080 5120 5160 5200 5240 5280 5320 5360 5400 5440 5480 5520 5560 5600 5640 5680 5720 5760 5800 5840 5880 5920 5960 6000 6040 6080 6120 6160 6200 6240 6280 6320 6360 6400 6440 6480 6520 6560 6600 6640 6680 6720 6760 6800 6840 6880 6920 6960 7000 7040 7080 7120 7160 7200 7240 7280 7320 7360 7400 7440 7480 7520 7560 7600 7640 7680 7720 7760 7800 7840 7880 7920 7960 8000 8040 8080 8120 8160 8200 8240 8280 8320 8360 8400 8440 8480 8520 8560 8600 8640 8680 8720 8760 8800 8840 8880 8920 8960 9000 9040 9080 9120 9160 9200 9240 9280 9320 9360 9400 9440 9480 9520 9560 9600 9640 9680 9720 9760 9800 9840 9880 9920 9960 10000
time 1500
style Default,Arial,40,&H00FFFFFF,&H000000FF,&H00000000,&H00000000,0,0,0,0,100,100,0,0,1,2,2,2,20,20,20,1
tlmode
line 1000 3000 Default 0 0 0 0 Original|{\pos(300,300)}Translated
line 1000 3000 Default 0 0 0 0 {\pos(30,60)}Only original|
select 0 1
active 0
tool position 193
mouse ldown 100 100 left
mouse move 110 90 left
mouse lup 110 90
dump
end

case pos-zoom
client 640 400 40
frame 1280 720 0 1
zoomat 2.5 200 120
view 0 0 640 360 72 48 2.5 2.5
script 1920 1080
timecodes 0 40 80 120 160 200 240 280 320 360 400 440 480 520 560 600 640 680 720 760 800 840 880 920 960 1000 1040 1080 1120 1160 1200 1240 1280 1320 1360 1400 1440 1480 1520 1560 1600 1640 1680 1720 1760 1800 1840 1880 1920 1960 2000 2040 2080 2120 2160 2200 2240 2280 2320 2360 2400 2440 2480 2520 2560 2600 2640 2680 2720 2760 2800 2840 2880 2920 2960 3000 3040 3080 3120 3160 3200 3240 3280 3320 3360 3400 3440 3480 3520 3560 3600 3640 3680 3720 3760 3800 3840 3880 3920 3960 4000 4040 4080 4120 4160 4200 4240 4280 4320 4360 4400 4440 4480 4520 4560 4600 4640 4680 4720 4760 4800 4840 4880 4920 4960 5000 5040 5080 5120 5160 5200 5240 5280 5320 5360 5400 5440 5480 5520 5560 5600 5640 5680 5720 5760 5800 5840 5880 5920 5960 6000 6040 6080 6120 6160 6200 6240 6280 6320 6360 6400 6440 6480 6520 6560 6600 6640 6680 6720 6760 6800 6840 6880 6920 6960 7000 7040 7080 7120 7160 7200 7240 7280 7320 7360 7400 7440 7480 7520 7560 7600 7640 7680 7720 7760 7800 7840 7880 7920 7960 8000 8040 8080 8120 8160 8200 8240 8280 8320 8360 8400 8440 8480 8520 8560 8600 8640 8680 8720 8760 8800 8840 8880 8920 8960 9000 9040 9080 9120 9160 9200 9240 9280 9320 9360 9400 9440 9480 9520 9560 9600 9640 9680 9720 9760 9800 9840 9880 9920 9960 10000
time 1500
style Default,Arial,40,&H00FFFFFF,&H000000FF,&H00000000,&H00000000,0,0,0,0,100,100,0,0,1,2,2,2,20,20,20,1
line 1000 3000 Default 0 0 0 0 {\pos(300,300)}x
line 1000 3000 Default 0 0 0 0 zoomed
select 0 1
active 0
tool position 193
dump
mouse ldown 100 100 left
mouse move 113 97 left
mouse lup 113 97
key D
key S shift
dump
end

case pos-pillarbox
client 800 400 40
frame 640 360 1 1
view 80 0 720 360 -80 0 1 1
script 640 360
timecodes 0 40 80 120 160 200 240 280 320 360 400 440 480 520 560 600 640 680 720 760 800 840 880 920 960 1000 1040 1080 1120 1160 1200 1240 1280 1320 1360 1400 1440 1480 1520 1560 1600 1640 1680 1720 1760 1800 1840 1880 1920 1960 2000 2040 2080 2120 2160 2200 2240 2280 2320 2360 2400 2440 2480 2520 2560 2600 2640 2680 2720 2760 2800 2840 2880 2920 2960 3000 3040 3080 3120 3160 3200 3240 3280 3320 3360 3400 3440 3480 3520 3560 3600 3640 3680 3720 3760 3800 3840 3880 3920 3960 4000 4040 4080 4120 4160 4200 4240 4280 4320 4360 4400 4440 4480 4520 4560 4600 4640 4680 4720 4760 4800 4840 4880 4920 4960 5000 5040 5080 5120 5160 5200 5240 5280 5320 5360 5400 5440 5480 5520 5560 5600 5640 5680 5720 5760 5800 5840 5880 5920 5960 6000 6040 6080 6120 6160 6200 6240 6280 6320 6360 6400 6440 6480 6520 6560 6600 6640 6680 6720 6760 6800 6840 6880 6920 6960 7000 7040 7080 7120 7160 7200 7240 7280 7320 7360 7400 7440 7480 7520 7560 7600 7640 7680 7720 7760 7800 7840 7880 7920 7960 8000 8040 8080 8120 8160 8200 8240 8280 8320 8360 8400 8440 8480 8520 8560 8600 8640 8680 8720 8760 8800 8840 8880 8920 8960 9000 9040 9080 9120 9160 9200 9240 9280 9320 9360 9400 9440 9480 9520 9560 9600 9640 9680 9720 9760 9800 9840 9880 9920 9960 10000
time 1500
style Default,Arial,40,&H00FFFFFF,&H000000FF,&H00000000,&H00000000,0,0,0,0,100,100,0,0,1,2,2,2,20,20,20,1
line 1000 3000 Default 0 0 0 0 {\pos(300,200)}x
active 0
tool position 193
dump
mouse rdown 85 10 right
dump
mouse ldown 400 180 left
mouse move 390 170 left
mouse lup 390 170
key A shift
dump
end

case pos-rect
client 640 400 40
frame 1280 720 0 1
view 0 0 640 360 0 0 1 1
script 1920 1080
timecodes 0 40 80 120 160 200 240 280 320 360 400 440 480 520 560 600 640 680 720 760 800 840 880 920 960 1000 1040 1080 1120 1160 1200 1240 1280 1320 1360 1400 1440 1480 1520 1560 1600 1640 1680 1720 1760 1800 1840 1880 1920 1960 2000 2040 2080 2120 2160 2200 2240 2280 2320 2360 2400 2440 2480 2520 2560 2600 2640 2680 2720 2760 2800 2840 2880 2920 2960 3000 3040 3080 3120 3160 3200 3240 3280 3320 3360 3400 3440 3480 3520 3560 3600 3640 3680 3720 3760 3800 3840 3880 3920 3960 4000 4040 4080 4120 4160 4200 4240 4280 4320 4360 4400 4440 4480 4520 4560 4600 4640 4680 4720 4760 4800 4840 4880 4920 4960 5000 5040 5080 5120 5160 5200 5240 5280 5320 5360 5400 5440 5480 5520 5560 5600 5640 5680 5720 5760 5800 5840 5880 5920 5960 6000 6040 6080 6120 6160 6200 6240 6280 6320 6360 6400 6440 6480 6520 6560 6600 6640 6680 6720 6760 6800 6840 6880 6920 6960 7000 7040 7080 7120 7160 7200 7240 7280 7320 7360 7400 7440 7480 7520 7560 7600 7640 7680 7720 7760 7800 7840 7880 7920 7960 8000 8040 8080 8120 8160 8200 8240 8280 8320 8360 8400 8440 8480 8520 8560 8600 8640 8680 8720 8760 8800 8840 8880 8920 8960 9000 9040 9080 9120 9160 9200 9240 9280 9320 9360 9400 9440 9480 9520 9560 9600 9640 9680 9720 9760 9800 9840 9880 9920 9960 10000
time 1500
style Default,Arial,40,&H00FFFFFF,&H000000FF,&H00000000,&H00000000,0,0,0,0,100,100,0,0,1,2,2,2,20,20,20,1
line 1000 3000 Default 0 0 0 0 {\pos(100,100)\bord3\shad1\fscx150}Hello\NWorld
line 1000 3000 Default 0 0 0 0 {\pos(400,500)}other
select 0 1
active 0
tool position 193
option 225
dump
mouse ldown 100 100 left
mouse move 300 200 left
dump
mouse lup 300 200
dump
option 229
dump
option 101
dump
option 165
dump
mouse ldown 200 150 left
mouse move 220 160 left
mouse lup 220 160
dump
mouse ldown 300 150 left
mouse move 350 150 left
mouse lup 350 150
dump
option 241
dump
option 243
dump
option 236
dump
option 238
dump
end

case pos-rect-drawing
client 640 400 40
frame 1280 720 0 1
view 0 0 640 360 0 0 1 1
script 1920 1080
timecodes 0 40 80 120 160 200 240 280 320 360 400 440 480 520 560 600 640 680 720 760 800 840 880 920 960 1000 1040 1080 1120 1160 1200 1240 1280 1320 1360 1400 1440 1480 1520 1560 1600 1640 1680 1720 1760 1800 1840 1880 1920 1960 2000 2040 2080 2120 2160 2200 2240 2280 2320 2360 2400 2440 2480 2520 2560 2600 2640 2680 2720 2760 2800 2840 2880 2920 2960 3000 3040 3080 3120 3160 3200 3240 3280 3320 3360 3400 3440 3480 3520 3560 3600 3640 3680 3720 3760 3800 3840 3880 3920 3960 4000 4040 4080 4120 4160 4200 4240 4280 4320 4360 4400 4440 4480 4520 4560 4600 4640 4680 4720 4760 4800 4840 4880 4920 4960 5000 5040 5080 5120 5160 5200 5240 5280 5320 5360 5400 5440 5480 5520 5560 5600 5640 5680 5720 5760 5800 5840 5880 5920 5960 6000 6040 6080 6120 6160 6200 6240 6280 6320 6360 6400 6440 6480 6520 6560 6600 6640 6680 6720 6760 6800 6840 6880 6920 6960 7000 7040 7080 7120 7160 7200 7240 7280 7320 7360 7400 7440 7480 7520 7560 7600 7640 7680 7720 7760 7800 7840 7880 7920 7960 8000 8040 8080 8120 8160 8200 8240 8280 8320 8360 8400 8440 8480 8520 8560 8600 8640 8680 8720 8760 8800 8840 8880 8920 8960 9000 9040 9080 9120 9160 9200 9240 9280 9320 9360 9400 9440 9480 9520 9560 9600 9640 9680 9720 9760 9800 9840 9880 9920 9960 10000
time 1500
style Default,Arial,40,&H00FFFFFF,&H000000FF,&H00000000,&H00000000,0,0,0,0,100,100,0,0,1,2,2,2,20,20,20,1
line 1000 3000 Default 0 0 0 0 {\an7\pos(10,10)\p1}m 0 0 l 100 0 100 50 0 50{\p0}
active 0
tool position 225
mouse ldown 50 50 left
mouse move 200 120 left
mouse lup 200 120
dump
option 233
dump
end

case pos-align-norect
client 640 400 40
frame 1280 720 0 1
view 0 0 640 360 0 0 1 1
script 1920 1080
timecodes 0 40 80 120 160 200 240 280 320 360 400 440 480 520 560 600 640 680 720 760 800 840 880 920 960 1000 1040 1080 1120 1160 1200 1240 1280 1320 1360 1400 1440 1480 1520 1560 1600 1640 1680 1720 1760 1800 1840 1880 1920 1960 2000 2040 2080 2120 2160 2200 2240 2280 2320 2360 2400 2440 2480 2520 2560 2600 2640 2680 2720 2760 2800 2840 2880 2920 2960 3000 3040 3080 3120 3160 3200 3240 3280 3320 3360 3400 3440 3480 3520 3560 3600 3640 3680 3720 3760 3800 3840 3880 3920 3960 4000 4040 4080 4120 4160 4200 4240 4280 4320 4360 4400 4440 4480 4520 4560 4600 4640 4680 4720 4760 4800 4840 4880 4920 4960 5000 5040 5080 5120 5160 5200 5240 5280 5320 5360 5400 5440 5480 5520 5560 5600 5640 5680 5720 5760 5800 5840 5880 5920 5960 6000 6040 6080 6120 6160 6200 6240 6280 6320 6360 6400 6440 6480 6520 6560 6600 6640 6680 6720 6760 6800 6840 6880 6920 6960 7000 7040 7080 7120 7160 7200 7240 7280 7320 7360 7400 7440 7480 7520 7560 7600 7640 7680 7720 7760 7800 7840 7880 7920 7960 8000 8040 8080 8120 8160 8200 8240 8280 8320 8360 8400 8440 8480 8520 8560 8600 8640 8680 8720 8760 8800 8840 8880 8920 8960 9000 9040 9080 9120 9160 9200 9240 9280 9320 9360 9400 9440 9480 9520 9560 9600 9640 9680 9720 9760 9800 9840 9880 9920 9960 10000
time 1500
style Default,Arial,40,&H00FFFFFF,&H000000FF,&H00000000,&H00000000,0,0,0,0,100,100,0,0,1,2,2,2,20,20,20,1
line 1000 3000 Default 0 0 0 0 Hello
line 1000 3000 Default 0 0 0 0 {\move(30,60,90,120)}y
select 0 1
active 0
tool position 193
option 197
dump
option 197
dump
end

case pos-vfr-move
client 640 400 40
frame 1280 720 0 1
view 0 0 640 360 0 0 1 1
script 1920 1080
timecodes 0 33 83 125 166 199 249 291 332 365 415 457 498 531 581 623 664 697 747 789 830 863 913 955 996 1029 1079 1121 1162 1195 1245 1287 1328 1361 1411 1453 1494 1527 1577 1619 1660 1693 1743 1785 1826 1859 1909 1951 1992 2025 2075 2117 2158 2191 2241 2283 2324 2357 2407 2449 2490 2523 2573 2615 2656 2689 2739 2781 2822 2855 2905 2947 2988 3021 3071 3113 3154 3187 3237 3279 3320 3353 3403 3445 3486 3519 3569 3611 3652 3685 3735 3777 3818 3851 3901 3943 3984 4017 4067 4109 4150 4183 4233 4275 4316 4349 4399 4441 4482 4515 4565 4607 4648 4681 4731 4773 4814 4847 4897 4939 4980 5013 5063 5105 5146 5179 5229 5271 5312 5345 5395 5437 5478 5511 5561 5603 5644 5677 5727 5769 5810 5843 5893 5935 5976 6009 6059 6101 6142 6175 6225 6267 6308 6341 6391 6433 6474 6507 6557 6599 6640 6673 6723 6765 6806 6839 6889 6931 6972 7005 7055 7097 7138 7171 7221 7263 7304 7337 7387 7429 7470 7503 7553 7595 7636 7669 7719 7761 7802 7835 7885 7927 7968 8001 8051 8093 8134 8167 8217 8259 8300 8333 8383 8425 8466 8499 8549 8591 8632 8665 8715 8757 8798 8831 8881 8923 8964 8997 9047 9089 9130 9163 9213 9255 9296 9329 9379 9421 9462 9495 9545 9587 9628 9661 9711 9753 9794 9827 9877 9919 9960 9993
time 1700
style Default,Arial,40,&H00FFFFFF,&H000000FF,&H00000000,&H00000000,0,0,0,0,100,100,0,0,1,2,2,2,20,20,20,1
line 1013 2987 Default 0 0 0 0 {\move(100,200,700,800,100,1600)}x
active 0
tool position 193
dump
mouse ldown 100 100 left
mouse move 104 98 left
mouse lup 104 98
dump
end

case pos-stack
client 640 400 40
frame 1280 720 0 1
view 0 0 640 360 0 0 1 1
script 1920 1080
timecodes 0 40 80 120 160 200 240 280 320 360 400 440 480 520 560 600 640 680 720 760 800 840 880 920 960 1000 1040 1080 1120 1160 1200 1240 1280 1320 1360 1400 1440 1480 1520 1560 1600 1640 1680 1720 1760 1800 1840 1880 1920 1960 2000 2040 2080 2120 2160 2200 2240 2280 2320 2360 2400 2440 2480 2520 2560 2600 2640 2680 2720 2760 2800 2840 2880 2920 2960 3000 3040 3080 3120 3160 3200 3240 3280 3320 3360 3400 3440 3480 3520 3560 3600 3640 3680 3720 3760 3800 3840 3880 3920 3960 4000 4040 4080 4120 4160 4200 4240 4280 4320 4360 4400 4440 4480 4520 4560 4600 4640 4680 4720 4760 4800 4840 4880 4920 4960 5000 5040 5080 5120 5160 5200 5240 5280 5320 5360 5400 5440 5480 5520 5560 5600 5640 5680 5720 5760 5800 5840 5880 5920 5960 6000 6040 6080 6120 6160 6200 6240 6280 6320 6360 6400 6440 6480 6520 6560 6600 6640 6680 6720 6760 6800 6840 6880 6920 6960 7000 7040 7080 7120 7160 7200 7240 7280 7320 7360 7400 7440 7480 7520 7560 7600 7640 7680 7720 7760 7800 7840 7880 7920 7960 8000 8040 8080 8120 8160 8200 8240 8280 8320 8360 8400 8440 8480 8520 8560 8600 8640 8680 8720 8760 8800 8840 8880 8920 8960 9000 9040 9080 9120 9160 9200 9240 9280 9320 9360 9400 9440 9480 9520 9560 9600 9640 9680 9720 9760 9800 9840 9880 9920 9960 10000
time 1500
style Default,Arial,40,&H00FFFFFF,&H000000FF,&H00000000,&H00000000,0,0,0,0,100,100,0,0,1,2,2,2,20,20,20,1
style Top,Arial,30,&H00FFFFFF,&H000000FF,&H00000000,&H00000000,-1,0,0,0,120,80,2,0,1,3,1,8,30,10,15,1
line 1000 3000 Default 0 0 0 0 First line
line 1000 3000 Default 0 0 0 0 Second
line 1000 3000 Top 0 0 0 0 Top one
line 1000 3000 Top 0 0 0 0 Top two
line 1000 3000 Default 0 0 0 0 {\an5}Middle
line 1000 3000 Default 0 0 0 0 {\an5}Middle two
select 1 3 5
active 1
tool position 193
dump
mouse ldown 10 10 left
mouse lup 10 10
dump
end

case move-plain
client 640 400 40
frame 1280 720 0 1
view 0 0 640 360 0 0 1 1
script 1920 1080
timecodes 0 40 80 120 160 200 240 280 320 360 400 440 480 520 560 600 640 680 720 760 800 840 880 920 960 1000 1040 1080 1120 1160 1200 1240 1280 1320 1360 1400 1440 1480 1520 1560 1600 1640 1680 1720 1760 1800 1840 1880 1920 1960 2000 2040 2080 2120 2160 2200 2240 2280 2320 2360 2400 2440 2480 2520 2560 2600 2640 2680 2720 2760 2800 2840 2880 2920 2960 3000 3040 3080 3120 3160 3200 3240 3280 3320 3360 3400 3440 3480 3520 3560 3600 3640 3680 3720 3760 3800 3840 3880 3920 3960 4000 4040 4080 4120 4160 4200 4240 4280 4320 4360 4400 4440 4480 4520 4560 4600 4640 4680 4720 4760 4800 4840 4880 4920 4960 5000 5040 5080 5120 5160 5200 5240 5280 5320 5360 5400 5440 5480 5520 5560 5600 5640 5680 5720 5760 5800 5840 5880 5920 5960 6000 6040 6080 6120 6160 6200 6240 6280 6320 6360 6400 6440 6480 6520 6560 6600 6640 6680 6720 6760 6800 6840 6880 6920 6960 7000 7040 7080 7120 7160 7200 7240 7280 7320 7360 7400 7440 7480 7520 7560 7600 7640 7680 7720 7760 7800 7840 7880 7920 7960 8000 8040 8080 8120 8160 8200 8240 8280 8320 8360 8400 8440 8480 8520 8560 8600 8640 8680 8720 8760 8800 8840 8880 8920 8960 9000 9040 9080 9120 9160 9200 9240 9280 9320 9360 9400 9440 9480 9520 9560 9600 9640 9680 9720 9760 9800 9840 9880 9920 9960 10000
time 1500
style Default,Arial,40,&H00FFFFFF,&H000000FF,&H00000000,&H00000000,0,0,0,0,100,100,0,0,1,2,2,2,20,20,20,1
line 1005 2995 Default 0 0 0 0 Hello
active 0
tool move -1
dump
mouse ldown 320 353 left
mouse move 340 300 left
dump
mouse lup 340 300
dump
end

case move-right
client 640 400 40
frame 1280 720 0 1
view 0 0 640 360 0 0 1 1
script 1920 1080
timecodes 0 40 80 120 160 200 240 280 320 360 400 440 480 520 560 600 640 680 720 760 800 840 880 920 960 1000 1040 1080 1120 1160 1200 1240 1280 1320 1360 1400 1440 1480 1520 1560 1600 1640 1680 1720 1760 1800 1840 1880 1920 1960 2000 2040 2080 2120 2160 2200 2240 2280 2320 2360 2400 2440 2480 2520 2560 2600 2640 2680 2720 2760 2800 2840 2880 2920 2960 3000 3040 3080 3120 3160 3200 3240 3280 3320 3360 3400 3440 3480 3520 3560 3600 3640 3680 3720 3760 3800 3840 3880 3920 3960 4000 4040 4080 4120 4160 4200 4240 4280 4320 4360 4400 4440 4480 4520 4560 4600 4640 4680 4720 4760 4800 4840 4880 4920 4960 5000 5040 5080 5120 5160 5200 5240 5280 5320 5360 5400 5440 5480 5520 5560 5600 5640 5680 5720 5760 5800 5840 5880 5920 5960 6000 6040 6080 6120 6160 6200 6240 6280 6320 6360 6400 6440 6480 6520 6560 6600 6640 6680 6720 6760 6800 6840 6880 6920 6960 7000 7040 7080 7120 7160 7200 7240 7280 7320 7360 7400 7440 7480 7520 7560 7600 7640 7680 7720 7760 7800 7840 7880 7920 7960 8000 8040 8080 8120 8160 8200 8240 8280 8320 8360 8400 8440 8480 8520 8560 8600 8640 8680 8720 8760 8800 8840 8880 8920 8960 9000 9040 9080 9120 9160 9200 9240 9280 9320 9360 9400 9440 9480 9520 9560 9600 9640 9680 9720 9760 9800 9840 9880 9920 9960 10000
time 1500
style Default,Arial,40,&H00FFFFFF,&H000000FF,&H00000000,&H00000000,0,0,0,0,100,100,0,0,1,2,2,2,20,20,20,1
line 1005 2995 Default 0 0 0 0 {\pos(100,200)}x
active 0
tool move -1
mouse rdown 400 200 right
mouse move 410 210 right
mouse rup 410 210
dump
end

case move-times
client 640 400 40
frame 1280 720 0 1
view 0 0 640 360 0 0 1 1
script 1920 1080
timecodes 0 40 80 120 160 200 240 280 320 360 400 440 480 520 560 600 640 680 720 760 800 840 880 920 960 1000 1040 1080 1120 1160 1200 1240 1280 1320 1360 1400 1440 1480 1520 1560 1600 1640 1680 1720 1760 1800 1840 1880 1920 1960 2000 2040 2080 2120 2160 2200 2240 2280 2320 2360 2400 2440 2480 2520 2560 2600 2640 2680 2720 2760 2800 2840 2880 2920 2960 3000 3040 3080 3120 3160 3200 3240 3280 3320 3360 3400 3440 3480 3520 3560 3600 3640 3680 3720 3760 3800 3840 3880 3920 3960 4000 4040 4080 4120 4160 4200 4240 4280 4320 4360 4400 4440 4480 4520 4560 4600 4640 4680 4720 4760 4800 4840 4880 4920 4960 5000 5040 5080 5120 5160 5200 5240 5280 5320 5360 5400 5440 5480 5520 5560 5600 5640 5680 5720 5760 5800 5840 5880 5920 5960 6000 6040 6080 6120 6160 6200 6240 6280 6320 6360 6400 6440 6480 6520 6560 6600 6640 6680 6720 6760 6800 6840 6880 6920 6960 7000 7040 7080 7120 7160 7200 7240 7280 7320 7360 7400 7440 7480 7520 7560 7600 7640 7680 7720 7760 7800 7840 7880 7920 7960 8000 8040 8080 8120 8160 8200 8240 8280 8320 8360 8400 8440 8480 8520 8560 8600 8640 8680 8720 8760 8800 8840 8880 8920 8960 9000 9040 9080 9120 9160 9200 9240 9280 9320 9360 9400 9440 9480 9520 9560 9600 9640 9680 9720 9760 9800 9840 9880 9920 9960 10000
time 1500
style Default,Arial,40,&H00FFFFFF,&H000000FF,&H00000000,&H00000000,0,0,0,0,100,100,0,0,1,2,2,2,20,20,20,1
line 1000 3000 Default 0 0 0 0 {\bord2\move(100,200,300,400,500,1500)}x
active 0
tool move -1
dump
mouse ldown 101 134 left
mouse move 150 140 left
mouse lup 150 140
dump
mouse ldown 30 70 left
mouse move 35 80 left shift
mouse move 70 82 left shift
mouse lup 70 82 shift
dump
end

case move-keys
client 640 400 40
frame 1280 720 0 1
view 0 0 640 360 0 0 1 1
script 1920 1080
timecodes 0 40 80 120 160 200 240 280 320 360 400 440 480 520 560 600 640 680 720 760 800 840 880 920 960 1000 1040 1080 1120 1160 1200 1240 1280 1320 1360 1400 1440 1480 1520 1560 1600 1640 1680 1720 1760 1800 1840 1880 1920 1960 2000 2040 2080 2120 2160 2200 2240 2280 2320 2360 2400 2440 2480 2520 2560 2600 2640 2680 2720 2760 2800 2840 2880 2920 2960 3000 3040 3080 3120 3160 3200 3240 3280 3320 3360 3400 3440 3480 3520 3560 3600 3640 3680 3720 3760 3800 3840 3880 3920 3960 4000 4040 4080 4120 4160 4200 4240 4280 4320 4360 4400 4440 4480 4520 4560 4600 4640 4680 4720 4760 4800 4840 4880 4920 4960 5000 5040 5080 5120 5160 5200 5240 5280 5320 5360 5400 5440 5480 5520 5560 5600 5640 5680 5720 5760 5800 5840 5880 5920 5960 6000 6040 6080 6120 6160 6200 6240 6280 6320 6360 6400 6440 6480 6520 6560 6600 6640 6680 6720 6760 6800 6840 6880 6920 6960 7000 7040 7080 7120 7160 7200 7240 7280 7320 7360 7400 7440 7480 7520 7560 7600 7640 7680 7720 7760 7800 7840 7880 7920 7960 8000 8040 8080 8120 8160 8200 8240 8280 8320 8360 8400 8440 8480 8520 8560 8600 8640 8680 8720 8760 8800 8840 8880 8920 8960 9000 9040 9080 9120 9160 9200 9240 9280 9320 9360 9400 9440 9480 9520 9560 9600 9640 9680 9720 9760 9800 9840 9880 9920 9960 10000
time 1500
style Default,Arial,40,&H00FFFFFF,&H000000FF,&H00000000,&H00000000,0,0,0,0,100,100,0,0,1,2,2,2,20,20,20,1
line 1005 2995 Default 0 0 0 0 {\pos(100,200)}x
active 0
tool move -1
key A
dump
key L shift
key I
dump
key D alt
key J ctrl alt
dump
end

case move-middle
client 640 400 40
frame 1280 720 0 1
view 0 0 640 360 0 0 1 1
script 1920 1080
timecodes 0 40 80 120 160 200 240 280 320 360 400 440 480 520 560 600 640 680 720 760 800 840 880 920 960 1000 1040 1080 1120 1160 1200 1240 1280 1320 1360 1400 1440 1480 1520 1560 1600 1640 1680 1720 1760 1800 1840 1880 1920 1960 2000 2040 2080 2120 2160 2200 2240 2280 2320 2360 2400 2440 2480 2520 2560 2600 2640 2680 2720 2760 2800 2840 2880 2920 2960 3000 3040 3080 3120 3160 3200 3240 3280 3320 3360 3400 3440 3480 3520 3560 3600 3640 3680 3720 3760 3800 3840 3880 3920 3960 4000 4040 4080 4120 4160 4200 4240 4280 4320 4360 4400 4440 4480 4520 4560 4600 4640 4680 4720 4760 4800 4840 4880 4920 4960 5000 5040 5080 5120 5160 5200 5240 5280 5320 5360 5400 5440 5480 5520 5560 5600 5640 5680 5720 5760 5800 5840 5880 5920 5960 6000 6040 6080 6120 6160 6200 6240 6280 6320 6360 6400 6440 6480 6520 6560 6600 6640 6680 6720 6760 6800 6840 6880 6920 6960 7000 7040 7080 7120 7160 7200 7240 7280 7320 7360 7400 7440 7480 7520 7560 7600 7640 7680 7720 7760 7800 7840 7880 7920 7960 8000 8040 8080 8120 8160 8200 8240 8280 8320 8360 8400 8440 8480 8520 8560 8600 8640 8680 8720 8760 8800 8840 8880 8920 8960 9000 9040 9080 9120 9160 9200 9240 9280 9320 9360 9400 9440 9480 9520 9560 9600 9640 9680 9720 9760 9800 9840 9880 9920 9960 10000
time 1500
style Default,Arial,40,&H00FFFFFF,&H000000FF,&H00000000,&H00000000,0,0,0,0,100,100,0,0,1,2,2,2,20,20,20,1
line 1005 2995 Default 0 0 0 0 {\pos(100,200)}x
active 0
tool move -1
mouse mdown 10 10 middle
mouse mup 10 10
dump
mouse ldown 11 11 left
mouse move 60 40 left
mouse lup 60 40
dump
end

case move-batch
client 640 400 40
frame 1280 720 0 1
view 0 0 640 360 0 0 1 1
script 1920 1080
timecodes 0 40 80 120 160 200 240 280 320 360 400 440 480 520 560 600 640 680 720 760 800 840 880 920 960 1000 1040 1080 1120 1160 1200 1240 1280 1320 1360 1400 1440 1480 1520 1560 1600 1640 1680 1720 1760 1800 1840 1880 1920 1960 2000 2040 2080 2120 2160 2200 2240 2280 2320 2360 2400 2440 2480 2520 2560 2600 2640 2680 2720 2760 2800 2840 2880 2920 2960 3000 3040 3080 3120 3160 3200 3240 3280 3320 3360 3400 3440 3480 3520 3560 3600 3640 3680 3720 3760 3800 3840 3880 3920 3960 4000 4040 4080 4120 4160 4200 4240 4280 4320 4360 4400 4440 4480 4520 4560 4600 4640 4680 4720 4760 4800 4840 4880 4920 4960 5000 5040 5080 5120 5160 5200 5240 5280 5320 5360 5400 5440 5480 5520 5560 5600 5640 5680 5720 5760 5800 5840 5880 5920 5960 6000 6040 6080 6120 6160 6200 6240 6280 6320 6360 6400 6440 6480 6520 6560 6600 6640 6680 6720 6760 6800 6840 6880 6920 6960 7000 7040 7080 7120 7160 7200 7240 7280 7320 7360 7400 7440 7480 7520 7560 7600 7640 7680 7720 7760 7800 7840 7880 7920 7960 8000 8040 8080 8120 8160 8200 8240 8280 8320 8360 8400 8440 8480 8520 8560 8600 8640 8680 8720 8760 8800 8840 8880 8920 8960 9000 9040 9080 9120 9160 9200 9240 9280 9320 9360 9400 9440 9480 9520 9560 9600 9640 9680 9720 9760 9800 9840 9880 9920 9960 10000
time 1500
style Default,Arial,40,&H00FFFFFF,&H000000FF,&H00000000,&H00000000,0,0,0,0,100,100,0,0,1,2,2,2,20,20,20,1
line 1005 2995 Default 0 0 0 0 {\pos(100,200)}a
line 1005 2995 Default 0 0 0 0 {\move(10,20,30,40,100,200)}b
line 1005 2995 Default 0 0 0 0 c
line 1005 2995 Default 0 0 0 0 {\move(10,20,30,40)}d
select 0 1 2 3
active 0
tool move -1
dump
mouse ldown 33 66 left
mouse move 43 71 left
mouse lup 43 71
dump
mouse rdown 200 100 right
mouse rup 200 100
dump
end

case move-tlmode
client 640 400 40
frame 1280 720 0 1
view 0 0 640 360 0 0 1 1
script 1920 1080
timecodes 0 40 80 120 160 200 240 280 320 360 400 440 480 520 560 600 640 680 720 760 800 840 880 920 960 1000 1040 1080 1120 1160 1200 1240 1280 1320 1360 1400 1440 1480 1520 1560 1600 1640 1680 1720 1760 1800 1840 1880 1920 1960 2000 2040 2080 2120 2160 2200 2240 2280 2320 2360 2400 2440 2480 2520 2560 2600 2640 2680 2720 2760 2800 2840 2880 2920 2960 3000 3040 3080 3120 3160 3200 3240 3280 3320 3360 3400 3440 3480 3520 3560 3600 3640 3680 3720 3760 3800 3840 3880 3920 3960 4000 4040 4080 4120 4160 4200 4240 4280 4320 4360 4400 4440 4480 4520 4560 4600 4640 4680 4720 4760 4800 4840 4880 4920 4960 5000 5040 5080 5120 5160 5200 5240 5280 5320 5360 5400 5440 5480 5520 5560 5600 5640 5680 5720 5760 5800 5840 5880 5920 5960 6000 6040 6080 6120 6160 6200 6240 6280 6320 6360 6400 6440 6480 6520 6560 6600 6640 6680 6720 6760 6800 6840 6880 6920 6960 7000 7040 7080 7120 7160 7200 7240 7280 7320 7360 7400 7440 7480 7520 7560 7600 7640 7680 7720 7760 7800 7840 7880 7920 7960 8000 8040 8080 8120 8160 8200 8240 8280 8320 8360 8400 8440 8480 8520 8560 8600 8640 8680 8720 8760 8800 8840 8880 8920 8960 9000 9040 9080 9120 9160 9200 9240 9280 9320 9360 9400 9440 9480 9520 9560 9600 9640 9680 9720 9760 9800 9840 9880 9920 9960 10000
time 1500
style Default,Arial,40,&H00FFFFFF,&H000000FF,&H00000000,&H00000000,0,0,0,0,100,100,0,0,1,2,2,2,20,20,20,1
tlmode
line 1005 2995 Default 0 0 0 0 Original|{\pos(300,300)}Translated
active 0
tool move -1
mouse rdown 200 200 right
mouse rup 200 200
dump
end

case move-zoom
client 640 400 40
frame 1280 720 0 1
zoomat 2.5 200 120
view 0 0 640 360 72 48 2.5 2.5
script 1920 1080
timecodes 0 40 80 120 160 200 240 280 320 360 400 440 480 520 560 600 640 680 720 760 800 840 880 920 960 1000 1040 1080 1120 1160 1200 1240 1280 1320 1360 1400 1440 1480 1520 1560 1600 1640 1680 1720 1760 1800 1840 1880 1920 1960 2000 2040 2080 2120 2160 2200 2240 2280 2320 2360 2400 2440 2480 2520 2560 2600 2640 2680 2720 2760 2800 2840 2880 2920 2960 3000 3040 3080 3120 3160 3200 3240 3280 3320 3360 3400 3440 3480 3520 3560 3600 3640 3680 3720 3760 3800 3840 3880 3920 3960 4000 4040 4080 4120 4160 4200 4240 4280 4320 4360 4400 4440 4480 4520 4560 4600 4640 4680 4720 4760 4800 4840 4880 4920 4960 5000 5040 5080 5120 5160 5200 5240 5280 5320 5360 5400 5440 5480 5520 5560 5600 5640 5680 5720 5760 5800 5840 5880 5920 5960 6000 6040 6080 6120 6160 6200 6240 6280 6320 6360 6400 6440 6480 6520 6560 6600 6640 6680 6720 6760 6800 6840 6880 6920 6960 7000 7040 7080 7120 7160 7200 7240 7280 7320 7360 7400 7440 7480 7520 7560 7600 7640 7680 7720 7760 7800 7840 7880 7920 7960 8000 8040 8080 8120 8160 8200 8240 8280 8320 8360 8400 8440 8480 8520 8560 8600 8640 8680 8720 8760 8800 8840 8880 8920 8960 9000 9040 9080 9120 9160 9200 9240 9280 9320 9360 9400 9440 9480 9520 9560 9600 9640 9680 9720 9760 9800 9840 9880 9920 9960 10000
time 1500
style Default,Arial,40,&H00FFFFFF,&H000000FF,&H00000000,&H00000000,0,0,0,0,100,100,0,0,1,2,2,2,20,20,20,1
line 1005 2995 Default 0 0 0 0 {\pos(300,300)}x
active 0
tool move -1
dump
mouse rdown 200 200 right
mouse rup 200 200
key K
dump
end

case move-two-cfr
client 640 400 40
frame 1280 720 0 1
view 0 0 640 360 0 0 1 1
script 1920 1080
timecodes 0 40 80 120 160 200 240 280 320 360 400 440 480 520 560 600 640 680 720 760 800 840 880 920 960 1000 1040 1080 1120 1160 1200 1240 1280 1320 1360 1400 1440 1480 1520 1560 1600 1640 1680 1720 1760 1800 1840 1880 1920 1960 2000 2040 2080 2120 2160 2200 2240 2280 2320 2360 2400 2440 2480 2520 2560 2600 2640 2680 2720 2760 2800 2840 2880 2920 2960 3000 3040 3080 3120 3160 3200 3240 3280 3320 3360 3400 3440 3480 3520 3560 3600 3640 3680 3720 3760 3800 3840 3880 3920 3960 4000 4040 4080 4120 4160 4200 4240 4280 4320 4360 4400 4440 4480 4520 4560 4600 4640 4680 4720 4760 4800 4840 4880 4920 4960 5000 5040 5080 5120 5160 5200 5240 5280 5320 5360 5400 5440 5480 5520 5560 5600 5640 5680 5720 5760 5800 5840 5880 5920 5960 6000 6040 6080 6120 6160 6200 6240 6280 6320 6360 6400 6440 6480 6520 6560 6600 6640 6680 6720 6760 6800 6840 6880 6920 6960 7000 7040 7080 7120 7160 7200 7240 7280 7320 7360 7400 7440 7480 7520 7560 7600 7640 7680 7720 7760 7800 7840 7880 7920 7960 8000 8040 8080 8120 8160 8200 8240 8280 8320 8360 8400 8440 8480 8520 8560 8600 8640 8680 8720 8760 8800 8840 8880 8920 8960 9000 9040 9080 9120 9160 9200 9240 9280 9320 9360 9400 9440 9480 9520 9560 9600 9640 9680 9720 9760 9800 9840 9880 9920 9960 10000
time 1040
style Default,Arial,40,&H00FFFFFF,&H000000FF,&H00000000,&H00000000,0,0,0,0,100,100,0,0,1,2,2,2,20,20,20,1
line 1005 2995 Default 0 0 0 0 {\pos(500,500)}x
active 0
tool move 0
mouse ldown 100 100 left
mouse lup 100 100
dump
time 1240
mouse ldown 160 130 left
dump
mouse lup 160 130
dump
time 1400
mouse ldown 160 130 left
mouse move 170 125 left
mouse lup 170 125
dump
end

case move-two-same-frame
client 640 400 40
frame 1280 720 0 1
view 0 0 640 360 0 0 1 1
script 1920 1080
timecodes 0 40 80 120 160 200 240 280 320 360 400 440 480 520 560 600 640 680 720 760 800 840 880 920 960 1000 1040 1080 1120 1160 1200 1240 1280 1320 1360 1400 1440 1480 1520 1560 1600 1640 1680 1720 1760 1800 1840 1880 1920 1960 2000 2040 2080 2120 2160 2200 2240 2280 2320 2360 2400 2440 2480 2520 2560 2600 2640 2680 2720 2760 2800 2840 2880 2920 2960 3000 3040 3080 3120 3160 3200 3240 3280 3320 3360 3400 3440 3480 3520 3560 3600 3640 3680 3720 3760 3800 3840 3880 3920 3960 4000 4040 4080 4120 4160 4200 4240 4280 4320 4360 4400 4440 4480 4520 4560 4600 4640 4680 4720 4760 4800 4840 4880 4920 4960 5000 5040 5080 5120 5160 5200 5240 5280 5320 5360 5400 5440 5480 5520 5560 5600 5640 5680 5720 5760 5800 5840 5880 5920 5960 6000 6040 6080 6120 6160 6200 6240 6280 6320 6360 6400 6440 6480 6520 6560 6600 6640 6680 6720 6760 6800 6840 6880 6920 6960 7000 7040 7080 7120 7160 7200 7240 7280 7320 7360 7400 7440 7480 7520 7560 7600 7640 7680 7720 7760 7800 7840 7880 7920 7960 8000 8040 8080 8120 8160 8200 8240 8280 8320 8360 8400 8440 8480 8520 8560 8600 8640 8680 8720 8760 8800 8840 8880 8920 8960 9000 9040 9080 9120 9160 9200 9240 9280 9320 9360 9400 9440 9480 9520 9560 9600 9640 9680 9720 9760 9800 9840 9880 9920 9960 10000
time 1040
style Default,Arial,40,&H00FFFFFF,&H000000FF,&H00000000,&H00000000,0,0,0,0,100,100,0,0,1,2,2,2,20,20,20,1
line 1005 2995 Default 0 0 0 0 {\pos(500,500)}x
active 0
tool move 0
mouse ldown 100 100 left
mouse lup 100 100
mouse ldown 160 130 left
mouse lup 160 130
dump
end

case move-two-vfr
client 640 400 40
frame 1280 720 0 1
view 0 0 640 360 0 0 1 1
script 1920 1080
timecodes 0 33 83 125 166 199 249 291 332 365 415 457 498 531 581 623 664 697 747 789 830 863 913 955 996 1029 1079 1121 1162 1195 1245 1287 1328 1361 1411 1453 1494 1527 1577 1619 1660 1693 1743 1785 1826 1859 1909 1951 1992 2025 2075 2117 2158 2191 2241 2283 2324 2357 2407 2449 2490 2523 2573 2615 2656 2689 2739 2781 2822 2855 2905 2947 2988 3021 3071 3113 3154 3187 3237 3279 3320 3353 3403 3445 3486 3519 3569 3611 3652 3685 3735 3777 3818 3851 3901 3943 3984 4017 4067 4109 4150 4183 4233 4275 4316 4349 4399 4441 4482 4515 4565 4607 4648 4681 4731 4773 4814 4847 4897 4939 4980 5013 5063 5105 5146 5179 5229 5271 5312 5345 5395 5437 5478 5511 5561 5603 5644 5677 5727 5769 5810 5843 5893 5935 5976 6009 6059 6101 6142 6175 6225 6267 6308 6341 6391 6433 6474 6507 6557 6599 6640 6673 6723 6765 6806 6839 6889 6931 6972 7005 7055 7097 7138 7171 7221 7263 7304 7337 7387 7429 7470 7503 7553 7595 7636 7669 7719 7761 7802 7835 7885 7927 7968 8001 8051 8093 8134 8167 8217 8259 8300 8333 8383 8425 8466 8499 8549 8591 8632 8665 8715 8757 8798 8831 8881 8923 8964 8997 9047 9089 9130 9163 9213 9255 9296 9329 9379 9421 9462 9495 9545 9587 9628 9661 9711 9753 9794 9827 9877 9919 9960 9993
time 1046
style Default,Arial,40,&H00FFFFFF,&H000000FF,&H00000000,&H00000000,0,0,0,0,100,100,0,0,1,2,2,2,20,20,20,1
line 1013 2987 Default 0 0 0 0 {\an7}x
active 0
tool move 0
mouse ldown 100 100 left
mouse lup 100 100
time 1300
mouse ldown 140 90 left shift
mouse lup 140 90
dump
end

case move-two-toggle
client 640 400 40
frame 1280 720 0 1
view 0 0 640 360 0 0 1 1
script 1920 1080
timecodes 0 40 80 120 160 200 240 280 320 360 400 440 480 520 560 600 640 680 720 760 800 840 880 920 960 1000 1040 1080 1120 1160 1200 1240 1280 1320 1360 1400 1440 1480 1520 1560 1600 1640 1680 1720 1760 1800 1840 1880 1920 1960 2000 2040 2080 2120 2160 2200 2240 2280 2320 2360 2400 2440 2480 2520 2560 2600 2640 2680 2720 2760 2800 2840 2880 2920 2960 3000 3040 3080 3120 3160 3200 3240 3280 3320 3360 3400 3440 3480 3520 3560 3600 3640 3680 3720 3760 3800 3840 3880 3920 3960 4000 4040 4080 4120 4160 4200 4240 4280 4320 4360 4400 4440 4480 4520 4560 4600 4640 4680 4720 4760 4800 4840 4880 4920 4960 5000 5040 5080 5120 5160 5200 5240 5280 5320 5360 5400 5440 5480 5520 5560 5600 5640 5680 5720 5760 5800 5840 5880 5920 5960 6000 6040 6080 6120 6160 6200 6240 6280 6320 6360 6400 6440 6480 6520 6560 6600 6640 6680 6720 6760 6800 6840 6880 6920 6960 7000 7040 7080 7120 7160 7200 7240 7280 7320 7360 7400 7440 7480 7520 7560 7600 7640 7680 7720 7760 7800 7840 7880 7920 7960 8000 8040 8080 8120 8160 8200 8240 8280 8320 8360 8400 8440 8480 8520 8560 8600 8640 8680 8720 8760 8800 8840 8880 8920 8960 9000 9040 9080 9120 9160 9200 9240 9280 9320 9360 9400 9440 9480 9520 9560 9600 9640 9680 9720 9760 9800 9840 9880 9920 9960 10000
time 1040
style Default,Arial,40,&H00FFFFFF,&H000000FF,&H00000000,&H00000000,0,0,0,0,100,100,0,0,1,2,2,2,20,20,20,1
line 1005 2995 Default 0 0 0 0 {\pos(500,500)}x
active 0
tool move 0
mouse ldown 100 100 left
mouse lup 100 100
option -1
mouse ldown 300 300 left
mouse lup 300 300
dump
option 0
time 1200
mouse ldown 130 100 left
mouse lup 130 100
dump
end

case move-helper
client 640 400 40
frame 1280 720 0 1
view 0 0 640 360 0 0 1 1
script 1920 1080
timecodes 0 40 80 120 160 200 240 280 320 360 400 440 480 520 560 600 640 680 720 760 800 840 880 920 960 1000 1040 1080 1120 1160 1200 1240 1280 1320 1360 1400 1440 1480 1520 1560 1600 1640 1680 1720 1760 1800 1840 1880 1920 1960 2000 2040 2080 2120 2160 2200 2240 2280 2320 2360 2400 2440 2480 2520 2560 2600 2640 2680 2720 2760 2800 2840 2880 2920 2960 3000 3040 3080 3120 3160 3200 3240 3280 3320 3360 3400 3440 3480 3520 3560 3600 3640 3680 3720 3760 3800 3840 3880 3920 3960 4000 4040 4080 4120 4160 4200 4240 4280 4320 4360 4400 4440 4480 4520 4560 4600 4640 4680 4720 4760 4800 4840 4880 4920 4960 5000 5040 5080 5120 5160 5200 5240 5280 5320 5360 5400 5440 5480 5520 5560 5600 5640 5680 5720 5760 5800 5840 5880 5920 5960 6000 6040 6080 6120 6160 6200 6240 6280 6320 6360 6400 6440 6480 6520 6560 6600 6640 6680 6720 6760 6800 6840 6880 6920 6960 7000 7040 7080 7120 7160 7200 7240 7280 7320 7360 7400 7440 7480 7520 7560 7600 7640 7680 7720 7760 7800 7840 7880 7920 7960 8000 8040 8080 8120 8160 8200 8240 8280 8320 8360 8400 8440 8480 8520 8560 8600 8640 8680 8720 8760 8800 8840 8880 8920 8960 9000 9040 9080 9120 9160 9200 9240 9280 9320 9360 9400 9440 9480 9520 9560 9600 9640 9680 9720 9760 9800 9840 9880 9920 9960 10000
time 1500
style Default,Arial,40,&H00FFFFFF,&H000000FF,&H00000000,&H00000000,0,0,0,0,100,100,0,0,1,2,2,2,20,20,20,1
line 1005 2995 Default 0 0 0 0 {\pos(100,200)}x
active 0
tool move -1
mouse mdown 200 200 middle
mouse mup 200 200
mouse ldown 201 199 left
mouse move 250 220 left
mouse lup 250 220
dump
end

case move-invisible
client 640 400 40
frame 1280 720 0 1
view 0 0 640 360 0 0 1 1
script 1920 1080
timecodes 0 40 80 120 160 200 240 280 320 360 400 440 480 520 560 600 640 680 720 760 800 840 880 920 960 1000 1040 1080 1120 1160 1200 1240 1280 1320 1360 1400 1440 1480 1520 1560 1600 1640 1680 1720 1760 1800 1840 1880 1920 1960 2000 2040 2080 2120 2160 2200 2240 2280 2320 2360 2400 2440 2480 2520 2560 2600 2640 2680 2720 2760 2800 2840 2880 2920 2960 3000 3040 3080 3120 3160 3200 3240 3280 3320 3360 3400 3440 3480 3520 3560 3600 3640 3680 3720 3760 3800 3840 3880 3920 3960 4000 4040 4080 4120 4160 4200 4240 4280 4320 4360 4400 4440 4480 4520 4560 4600 4640 4680 4720 4760 4800 4840 4880 4920 4960 5000 5040 5080 5120 5160 5200 5240 5280 5320 5360 5400 5440 5480 5520 5560 5600 5640 5680 5720 5760 5800 5840 5880 5920 5960 6000 6040 6080 6120 6160 6200 6240 6280 6320 6360 6400 6440 6480 6520 6560 6600 6640 6680 6720 6760 6800 6840 6880 6920 6960 7000 7040 7080 7120 7160 7200 7240 7280 7320 7360 7400 7440 7480 7520 7560 7600 7640 7680 7720 7760 7800 7840 7880 7920 7960 8000 8040 8080 8120 8160 8200 8240 8280 8320 8360 8400 8440 8480 8520 8560 8600 8640 8680 8720 8760 8800 8840 8880 8920 8960 9000 9040 9080 9120 9160 9200 9240 9280 9320 9360 9400 9440 9480 9520 9560 9600 9640 9680 9720 9760 9800 9840 9880 9920 9960 10000
time 3500
style Default,Arial,40,&H00FFFFFF,&H000000FF,&H00000000,&H00000000,0,0,0,0,100,100,0,0,1,2,2,2,20,20,20,1
line 1005 2995 Default 0 0 0 0 {\pos(100,200)}x
active 0
tool move -1
mouse ldown 33 66 left
mouse lup 33 66
key A
dump
end

case pos-rect-other-line
client 640 400 40
frame 1280 720 0 1
view 0 0 640 360 0 0 1 1
script 1920 1080
timecodes 0 40 80 120 160 200 240 280 320 360 400 440 480 520 560 600 640 680 720 760 800 840 880 920 960 1000 1040 1080 1120 1160 1200 1240 1280 1320 1360 1400 1440 1480 1520 1560 1600 1640 1680 1720 1760 1800 1840 1880 1920 1960 2000 2040 2080 2120 2160 2200 2240 2280 2320 2360 2400 2440 2480 2520 2560 2600 2640 2680 2720 2760 2800 2840 2880 2920 2960 3000 3040 3080 3120 3160 3200 3240 3280 3320 3360 3400 3440 3480 3520 3560 3600 3640 3680 3720 3760 3800 3840 3880 3920 3960 4000 4040 4080 4120 4160 4200 4240 4280 4320 4360 4400 4440 4480 4520 4560 4600 4640 4680 4720 4760 4800 4840 4880 4920 4960 5000 5040 5080 5120 5160 5200 5240 5280 5320 5360 5400 5440 5480 5520 5560 5600 5640 5680 5720 5760 5800 5840 5880 5920 5960 6000 6040 6080 6120 6160 6200 6240 6280 6320 6360 6400 6440 6480 6520 6560 6600 6640 6680 6720 6760 6800 6840 6880 6920 6960 7000 7040 7080 7120 7160 7200 7240 7280 7320 7360 7400 7440 7480 7520 7560 7600 7640 7680 7720 7760 7800 7840 7880 7920 7960 8000 8040 8080 8120 8160 8200 8240 8280 8320 8360 8400 8440 8480 8520 8560 8600 8640 8680 8720 8760 8800 8840 8880 8920 8960 9000 9040 9080 9120 9160 9200 9240 9280 9320 9360 9400 9440 9480 9520 9560 9600 9640 9680 9720 9760 9800 9840 9880 9920 9960 10000
time 1500
style Default,Arial,40,&H00FFFFFF,&H000000FF,&H00000000,&H00000000,0,0,0,0,100,100,0,0,1,2,2,2,20,20,20,1
line 1000 3000 Default 0 0 0 0 {\pos(100,100)}Hello
line 1000 3000 Default 0 0 0 0 {\an7\pos(400,500)}other
active 0
tool position 229
mouse ldown 100 100 left
mouse move 300 200 left
mouse lup 300 200
dump
activate 1
dump
mouse ldown 10 10 left
mouse move 12 12 left
mouse lup 12 12
dump
end
